%YAML:1.0
---
camera_matrix: !!opencv-matrix
   rows: 3
   cols: 3
   dt: d
   data: [ 4.2734691148193826e+02, 0., 5.8064197113455555e+02, 0.,
       4.2775675094292586e+02, 3.1489802022444360e+02, 0., 0., 1. ]
dist_coeffs: !!opencv-matrix
   rows: 4
   cols: 1
   dt: d
   data: [ 2.9889331641954986e-01, 9.3482665574537993e-02,
       -1.0562826156850691e-01, 3.0878206964398889e-02 ]
resolution: !!opencv-matrix
   rows: 2
   cols: 1
   dt: i
   data: [ 1280, 720 ]
project_matrix: !!opencv-matrix
   rows: 3
   cols: 3
   dt: d
   data: [ -7.2747480072824733e-01, -3.2423898514744494e+00,
       1.4612176152571606e+03, -3.6486920197379133e-02,
       -2.9093896594166448e+00, 6.5767162542343817e+02,
       -3.0136913391378971e-05, -3.0616550298798229e-03, 1. ]
scale_xy: !!opencv-matrix
   rows: 2
   cols: 1
   dt: f
   data: [ 1., 1. ]
shift_xy: !!opencv-matrix
   rows: 2
   cols: 1
   dt: f
   data: [ 0., 0. ]
select_points: !!opencv-matrix
   rows: 4
   cols: 2
   dt: f
   data: [ 364., 505., 859., 514., 156., 667., 1121., 710. ]
