%YAML:1.0
---
camera_matrix: !!opencv-matrix
   rows: 3
   cols: 3
   dt: d
   data: [ 4.2724197712244995e+02, 0., 5.9663469081789776e+02, 0.,
       4.2760325325741826e+02, 3.5870510713560117e+02, 0., 0., 1. ]
dist_coeffs: !!opencv-matrix
   rows: 4
   cols: 1
   dt: d
   data: [ 2.9560308007306113e-01, 9.9762435446514156e-02,
       -1.1281833656469192e-01, 3.2826713547758658e-02 ]
resolution: !!opencv-matrix
   rows: 2
   cols: 1
   dt: i
   data: [ 1280, 720 ]
project_matrix: !!opencv-matrix
   rows: 3
   cols: 3
   dt: d
   data: [ -2.3176527890115262e-01, -3.0589769059977061e+00,
       9.7856504697469370e+02, 6.0070372635318314e-01,
       -2.5818810978508404e+00, 4.6076069330021704e+02,
       -2.6267820005866920e-05, -2.7556508294717327e-03, 1. ]
scale_xy: !!opencv-matrix
   rows: 2
   cols: 1
   dt: f
   data: [ 1., 1. ]
shift_xy: !!opencv-matrix
   rows: 2
   cols: 1
   dt: f
   data: [ 0., 0. ]
select_points: !!opencv-matrix
   rows: 4
   cols: 2
   dt: f
   data: [ 230., 596., 498., 480., 415., 658., 616., 494. ]
