%YAML:1.0
---
camera_matrix: !!opencv-matrix
   rows: 3
   cols: 3
   dt: d
   data: [ 4.2896338099840716e+02, 0., 6.4207238043521670e+02, 0.,
       4.2949302453667860e+02, 4.2238515941621694e+02, 0., 0., 1. ]
dist_coeffs: !!opencv-matrix
   rows: 4
   cols: 1
   dt: d
   data: [ 2.9921161372312494e-01, 9.7830213839368060e-02,
       -1.1388796113891915e-01, 3.3455131772642414e-02 ]
resolution: !!opencv-matrix
   rows: 2
   cols: 1
   dt: i
   data: [ 1280, 720 ]
project_matrix: !!opencv-matrix
   rows: 3
   cols: 3
   dt: d
   data: [ 1.4835608562993441e+00, -2.5132886199058046e+01,
       7.4391173944697748e+03, 5.1884464944405106e+00,
       -2.3209711187496033e+01, 7.2537100644377024e+03,
       -1.5727956306535988e-05, -2.3556070205938556e-03, 1. ]
scale_xy: !!opencv-matrix
   rows: 2
   cols: 1
   dt: f
   data: [ 1., 1. ]
shift_xy: !!opencv-matrix
   rows: 2
   cols: 1
   dt: f
   data: [ 0., 0. ]
