%YAML:1.0
---
camera_matrix: !!opencv-matrix
   rows: 3
   cols: 3
   dt: d
   data: [ 4.2896338099840716e+02, 0., 6.4207238043521670e+02, 0.,
       4.2949302453667860e+02, 4.2238515941621694e+02, 0., 0., 1. ]
dist_coeffs: !!opencv-matrix
   rows: 4
   cols: 1
   dt: d
   data: [ 2.9921161372312494e-01, 9.7830213839368060e-02,
       -1.1388796113891915e-01, 3.3455131772642414e-02 ]
resolution: !!opencv-matrix
   rows: 2
   cols: 1
   dt: i
   data: [ 1280, 720 ]
project_matrix: !!opencv-matrix
   rows: 3
   cols: 3
   dt: d
   data: [ 1.5212589006846769e-01, -2.5849386240620507e+00,
       8.0223207916398383e+02, 4.7974239613358022e-01,
       -2.1137084668368451e+00, 6.7734736685993403e+02,
       -2.5804256432841445e-05, -2.3096326694975241e-03, 1. ]
scale_xy: !!opencv-matrix
   rows: 2
   cols: 1
   dt: f
   data: [ 1., 1. ]
shift_xy: !!opencv-matrix
   rows: 2
   cols: 1
   dt: f
   data: [ 0., 0. ]
select_points: !!opencv-matrix
   rows: 4
   cols: 2
   dt: f
   data: [ 1034., 685., 750., 549., 1191., 639., 856., 537. ]
