%YAML:1.0
---
camera_matrix: !!opencv-matrix
   rows: 3
   cols: 3
   dt: d
   data: [ 4.3087703440419199e+02, 0., 6.3321691202170359e+02, 0.,
       4.3096016688383736e+02, 3.9929477249150000e+02, 0., 0., 1. ]
dist_coeffs: !!opencv-matrix
   rows: 4
   cols: 1
   dt: d
   data: [ 3.0470290064703159e-01, 8.0778559525135310e-02,
       -9.7494974063403142e-02, 2.6761531004490146e-02 ]
resolution: !!opencv-matrix
   rows: 2
   cols: 1
   dt: i
   data: [ 1280, 720 ]
project_matrix: !!opencv-matrix
   rows: 3
   cols: 3
   dt: d
   data: [ 6.5136271618080572e+00, -2.7388438288443371e+01,
       6.8996391695921984e+03, 4.1545727039499680e-01,
       -2.3079059579785564e+01, 1.1548693420123922e+04,
       5.6204797412572679e-05, -2.5792270971863756e-03, 1. ]
scale_xy: !!opencv-matrix
   rows: 2
   cols: 1
   dt: f
   data: [ 1., 1. ]
shift_xy: !!opencv-matrix
   rows: 2
   cols: 1
   dt: f
   data: [ 0., 0. ]
select_points: !!opencv-matrix
   rows: 4
   cols: 2
   dt: f
   data: [ 961., 645., 364., 620., 845., 554., 468., 541. ]
