%YAML:1.0
---
camera_matrix: !!opencv-matrix
   rows: 3
   cols: 3
   dt: d
   data: [ 4.2827151431582786e+02, 0., 5.9586460723750088e+02, 0.,
       4.2866894990056062e+02, 3.2983333826399939e+02, 0., 0., 1. ]
dist_coeffs: !!opencv-matrix
   rows: 4
   cols: 1
   dt: d
   data: [ 3.0174258207908378e-01, 8.6882873127048205e-02,
       -1.0164771863391771e-01, 2.9358031184073523e-02 ]
resolution: !!opencv-matrix
   rows: 2
   cols: 1
   dt: i
   data: [ 1280, 720 ]
project_matrix: !!opencv-matrix
   rows: 3
   cols: 3
   dt: d
   data: [ 2.6852954913283331e+00, -3.2266762868104607e+01,
       1.1760416175230082e+04, -6.7292400761191615e+00,
       -2.8394792848251942e+01, 1.4154274309399838e+04,
       2.4650454827913491e-05, -3.1597157109666762e-03, 1. ]
scale_xy: !!opencv-matrix
   rows: 2
   cols: 1
   dt: f
   data: [ 1., 1. ]
shift_xy: !!opencv-matrix
   rows: 2
   cols: 1
   dt: f
   data: [ 0., 0. ]
select_points: !!opencv-matrix
   rows: 4
   cols: 2
   dt: f
   data: [ 665., 446., 497., 645., 547., 432., 273., 567. ]
