%YAML:1.0
---
camera_matrix: !!opencv-matrix
   rows: 3
   cols: 3
   dt: d
   data: [ 4.2827151431582786e+02, 0., 5.9586460723750088e+02, 0.,
       4.2866894990056062e+02, 3.2983333826399939e+02, 0., 0., 1. ]
dist_coeffs: !!opencv-matrix
   rows: 4
   cols: 1
   dt: d
   data: [ 3.0174258207908378e-01, 8.6882873127048205e-02,
       -1.0164771863391771e-01, 2.9358031184073523e-02 ]
resolution: !!opencv-matrix
   rows: 2
   cols: 1
   dt: i
   data: [ 1280, 720 ]
project_matrix: !!opencv-matrix
   rows: 3
   cols: 3
   dt: d
   data: [ 3.0577585189025029e+00, -3.0503015754679389e+01,
       1.0889938844183474e+04, -6.6818607806673960e+00,
       -2.2097886010798209e+01, 1.2275561328454954e+04,
       2.3830657809416303e-05, -3.1501982003319363e-03, 1. ]
scale_xy: !!opencv-matrix
   rows: 2
   cols: 1
   dt: f
   data: [ 1., 1. ]
shift_xy: !!opencv-matrix
   rows: 2
   cols: 1
   dt: f
   data: [ 0., 0. ]
