%YAML:1.0
---
resolution: !!opencv-matrix
   rows: 2
   cols: 1
   dt: i
   data: [ 1280, 720 ]
camera_matrix: !!opencv-matrix
   rows: 3
   cols: 3
   dt: d
   data: [ 4.2827151431582786e+02, 0., 5.9586460723750088e+02, 0.,
       4.2866894990056062e+02, 3.2983333826399939e+02, 0., 0., 1. ]
dist_coeffs: !!opencv-matrix
   rows: 4
   cols: 1
   dt: d
   data: [ 3.0174258207908378e-01, 8.6882873127048205e-02,
       -1.0164771863391771e-01, 2.9358031184073523e-02 ]
