%YAML:1.0
---
camera_matrix: !!opencv-matrix
   rows: 3
   cols: 3
   dt: d
   data: [ 4.2888219886767018e+02, 0., 6.2722435211368827e+02, 0.,
       4.2906377095488119e+02, 3.0835872752781353e+02, 0., 0., 1. ]
dist_coeffs: !!opencv-matrix
   rows: 4
   cols: 1
   dt: d
   data: [ 2.9717953383705337e-01, 9.9249765963275671e-02,
       -1.1358535073029269e-01, 3.2520485413677344e-02 ]
resolution: !!opencv-matrix
   rows: 2
   cols: 1
   dt: i
   data: [ 1280, 720 ]
project_matrix: !!opencv-matrix
   rows: 3
   cols: 3
   dt: d
   data: [ -2.0879314165088927e-01, -3.4278972828142424e+00,
       1.5102945161689754e+03, -6.4468549135397424e-01,
       -3.1584761379525825e+00, 1.2636183799676444e+03,
       6.3110169849217140e-05, -3.3535067623998473e-03, 1. ]
scale_xy: !!opencv-matrix
   rows: 2
   cols: 1
   dt: f
   data: [ 1., 1. ]
shift_xy: !!opencv-matrix
   rows: 2
   cols: 1
   dt: f
   data: [ 0., 0. ]
select_points: !!opencv-matrix
   rows: 4
   cols: 2
   dt: f
   data: [ 753., 422., 1089., 565., 638., 430., 876., 619. ]
